image_width: 640
image_height: 480
camera_name: usb_cam
camera_matrix:
  rows: 3
  cols: 3
  data: [694.0812299145601, 0, 349.9315588840331, 0, 694.427591588209, 228.8723977038388, 0, 0, 1]
distortion_model: plumb_bob
distortion_coefficients:
  rows: 1
  cols: 5
  data: [-0.1036924820893142, -0.02516375213559754, -0.01024734854619869, 0.01712080505341498, 0]
rectification_matrix:
  rows: 3
  cols: 3
  data: [1, 0, 0, 0, 1, 0, 0, 0, 1]
projection_matrix:
  rows: 3
  cols: 4
  data: [672.4337768554688, 0, 360.1283609490383, 0, 0, 686.1871337890625, 225.6510037014777, 0, 0, 0, 1, 0]